3.145065021677434913e+01
4.345139671222673883e+01
6.144357204793655569e+01
7.730047370622922642e+01
9.810030074807845324e+01
1.552991714184997534e+02
1.932539211416054172e+02
2.115750820233553213e+02
2.181049999887637512e+02
2.485238936389766593e+02
2.655352752829977589e+02
2.737425719689462653e+02
2.742260878456137334e+02
2.961883924358840545e+02
3.112820000877334223e+02
3.215138877794963150e+02
3.328525440745845003e+02
4.284340322036362068e+02
4.431013833305148637e+02
4.871102888730027303e+02
5.009802646051900297e+02
5.273324401135462267e+02
5.876577320053016820e+02
6.531952236945480763e+02
7.827571592409152572e+02
8.138468268651631661e+02
8.975983643516595976e+02
9.203995804883619485e+02
9.714985158653497592e+02
1.087861592766556441e+03
1.632401552738951068e+03
1.646322825308221127e+03
1.649214028911788319e+03
1.667882097891113290e+03
1.682773678932798930e+03
1.715129192289429056e+03
3.154691797861152736e+03
3.263777422787548858e+03
3.323704026936313767e+03
3.459118072941141691e+03
3.536755018249702971e+03
3.551260011603194471e+03
3.728674804011820470e+03
3.918159463926421722e+03
3.922233379654710916e+03
3.922539786834719962e+03
3.924034822068724225e+03
3.926091842676722081e+03
