5.703255285469284530e+01
7.004656107983535662e+01
7.913344500165628403e+01
8.502797538103563113e+01
8.765164890445682033e+01
1.490489681865965679e+02
1.741278985758772535e+02
1.867190427714756993e+02
2.234251741506933229e+02
2.331759644001257072e+02
2.541102980212284024e+02
2.586957134375654164e+02
2.804835002400008079e+02
2.951732699452663269e+02
3.148401460812989967e+02
3.825509204829272676e+02
3.966858277733585396e+02
4.561024885048485658e+02
4.636396805964110399e+02
4.967967066850920901e+02
5.251906687126821680e+02
5.703038162912807820e+02
5.869590961015237554e+02
6.619483554800208367e+02
6.876473825022590063e+02
7.323689313320270458e+02
7.770644436033967395e+02
8.916464924463687112e+02
9.305580383254084609e+02
1.089238609216827172e+03
1.635053238767710582e+03
1.649644858461814010e+03
1.656603210570259307e+03
1.678115642464629445e+03
1.693148854675945358e+03
1.716912429328847793e+03
3.081561682609545187e+03
3.399809612191334054e+03
3.477963010133084481e+03
3.536623764554155969e+03
3.678959770757294791e+03
3.685219995597284196e+03
3.750801740608871114e+03
3.783289046601927566e+03
3.824575367604819803e+03
3.922861631871204736e+03
3.922960690474997591e+03
3.925013265268497889e+03
