3.167348375551687312e+01
3.167348375552819206e+01
5.132233889145005179e+01
5.132233889146185390e+01
5.394592221904333229e+01
9.211774352738191851e+01
1.681041339414292679e+02
2.018535408382290370e+02
2.218915172795187800e+02
2.218915172795338435e+02
2.343996889874825911e+02
2.343996889874844385e+02
2.781105632596747910e+02
2.781105632596764963e+02
3.093886410983250812e+02
3.266886401386445300e+02
3.266886401386454963e+02
3.623594394222786264e+02
4.636084022703062715e+02
4.857908238535920873e+02
4.857908238535931105e+02
5.086535687363252123e+02
5.132115145287616542e+02
5.132115145287624500e+02
8.416698101865517856e+02
8.656708222768193082e+02
8.656708222768202177e+02
9.634296172943354577e+02
9.634296172943390957e+02
1.040004121276671640e+03
1.634286315812437124e+03
1.647011133785653328e+03
1.647011133785655602e+03
1.678685190490634568e+03
1.678685190490636842e+03
1.697188297586678800e+03
3.222592628029898606e+03
3.324765763662615882e+03
3.324765763662617701e+03
3.396732068466330020e+03
3.396732068466330929e+03
3.418379186361413758e+03
3.925334044329297740e+03
3.925334044329299104e+03
3.925348262830151270e+03
3.926088369144490571e+03
3.926088369144491026e+03
3.927070061299274585e+03
