4.913960151940553800e+01
6.466409475633837189e+01
8.270150031550835479e+01
1.097533837700728441e+02
1.150564781644479950e+02
1.405387037669072470e+02
1.929931412035233791e+02
2.207863664287532970e+02
2.336246056691570345e+02
2.432971792855769593e+02
2.456922008264714634e+02
2.553007140983843897e+02
2.649228346344110605e+02
2.800965256637283005e+02
3.042228361626661126e+02
3.138095814725034529e+02
4.218463456816037933e+02
4.467005709112817158e+02
4.754663894922989016e+02
4.889812986530432681e+02
5.060648761735387211e+02
5.675702932018480169e+02
6.128775819908835274e+02
6.653360001519596381e+02
7.358606239163276541e+02
7.715614696442461309e+02
8.456204498954064093e+02
8.699788989455971659e+02
9.307268401734897907e+02
1.068477449376257027e+03
1.639372395396022057e+03
1.650026720573684770e+03
1.664799760367335466e+03
1.674882370167733825e+03
1.690238049223652524e+03
1.705849309072333881e+03
3.139015208608964713e+03
3.373048642528660821e+03
3.414419401914628907e+03
3.490251302223347011e+03
3.537631574748593266e+03
3.676341742739636175e+03
3.731921965150743745e+03
3.766410729732641357e+03
3.920735152648526309e+03
3.922662393796387732e+03
3.923798253593880872e+03
3.931104044314561179e+03
